22
43 
26
0 1 2 3 4 5 6 7 8 9 10 11 12 13 14 15 16 17 18 19 20 21 22 23 24 25
26 27 28 29 30 31 32 33 34 35 36 37 38 39 40 41 42
17                      
12 6 10 4 10 11 3 6 2 11 5 5 15 4 8 15 20     
0 0 0 0 0 0 0 0 0 0 0 0 0 0 0 0 0        
0 0 0 0 0 0 0 0 0 0 0 0 0 0 0 0 0     
10                      
4                     
0.5                    
0                    
0 22 6 26 27 24 9 14 2 28 23 28 22 24 30 11 25 7 1 9 5 26 27 4 5 3 10 27 18 14 15 2 17 8 22 24 13 17 12 27 26 25 16
22 0 16 26 16 15 14 16 9 30 21 27 23 28 28 17 2 28 2 15 29 5 6 16 7 19 6 21 17 3 22 24 24 25 18 7 20 2 15 12 19 23 18
6 16 0 18 18 23 16 12 10 7 26 8 28 29 5 30 3 26 17 7 21 29 15 9 8 4 10 4 5 16 13 5 23 2 30 29 25 20 8 23 1 28 21
26 26 18 0 24 7 27 1 28 11 3 5 12 8 27 17 7 9 1 9 15 17 18 16 7 14 13 2 2 16 11 14 19 11 11 6 28 28 8 7 4 8 22
27 16 18 24 0 21 10 2 3 21 26 8 3 9 22 4 11 15 5 16 27 15 1 1 1 18 28 12 28 24 23 2 18 12 1 8 9 29 18 18 1 24 28
24 15 23 7 21 0 8 29 1 2 30 14 4 1 1 16 8 4 19 30 13 8 14 14 8 21 5 26 1 9 2 28 22 2 3 23 25 20 15 17 29 18 8
9 14 16 27 10 8 0 17 21 4 11 19 9 15 28 28 20 26 20 12 5 26 24 23 3 27 26 25 20 12 5 14 18 30 13 13 17 27 19 29 20 17 21
14 16 12 1 2 29 17 0 13 6 16 11 13 20 12 1 9 29 7 14 10 15 13 17 24 11 3 18 13 5 26 1 20 10 10 19 13 6 21 30 18 25 4
2 9 10 28 3 1 21 13 0 20 1 18 11 22 1 24 12 27 13 25 30 0 6 26 28 30 12 29 9 14 10 20 27 8 19 13 10 22 9 3 30 9 27
28 30 7 11 21 2 4 6 20 0 1 17 6 3 8 0 24 26 10 7 2 24 4 29 3 14 13 3 9 24 15 26 15 3 24 18 28 13 28 6 3 24 10
23 21 26 3 26 30 11 16 1 1 0 22 12 11 19 13 17 7 11 13 19 8 9 23 23 15 22 26 6 29 5 22 2 7 15 9 4 6 14 8 11 10 18
28 27 8 5 8 14 19 11 18 17 22 0 29 27 2 24 11 30 4 4 14 18 29 10 19 13 3 27 21 28 30 11 23 16 22 18 24 4 23 19 10 7 2
22 23 28 12 3 4 9 13 11 6 12 29 0 10 4 27 13 1 22 4 8 11 25 17 12 8 10 0 19 18 26 25 26 1 2 29 5 28 22 29 20 11 13
24 28 29 8 9 1 15 20 22 3 11 27 10 0 16 22 8 24 14 26 23 4 7 11 2 13 6 27 30 30 26 2 24 12 9 17 20 23 15 20 10 24 5
30 28 5 27 22 1 28 12 1 8 19 2 4 16 0 18 7 27 0 26 9 1 24 19 28 12 16 15 3 26 3 30 4 2 8 7 14 13 21 27 19 4 25
11 17 30 17 4 16 28 1 24 0 13 24 27 22 18 0 18 15 28 27 2 8 18 25 3 27 11 6 18 12 19 18 10 16 3 19 27 22 18 30 17 20 25
25 2 3 7 11 8 20 9 12 24 17 11 13 8 7 18 0 11 21 6 24 0 23 4 0 11 25 13 4 1 29 21 0 6 30 24 16 1 29 20 23 16 30
7 28 26 9 15 4 26 29 27 26 7 30 1 24 27 15 11 0 29 17 22 13 7 15 0 17 28 13 28 12 5 3 17 27 29 29 19 26 29 1 15 12 20
1 2 17 1 5 19 20 7 13 10 11 4 22 14 0 28 21 29 0 30 23 8 20 14 11 0 3 3 21 12 2 26 9 12 30 0 11 13 27 29 2 8 20
9 15 7 9 16 30 12 14 25 7 13 4 4 26 26 27 6 17 30 0 3 0 13 7 22 10 8 4 25 4 22 20 1 15 12 28 23 4 26 12 2 30 16
5 29 21 15 27 13 5 10 30 2 19 14 8 23 9 2 24 22 23 3 0 12 11 23 19 15 9 23 29 16 23 19 13 2 10 10 21 19 9 9 8 17 13
26 5 29 17 15 8 26 15 0 24 8 18 11 4 1 8 0 13 8 0 12 0 8 4 8 27 1 28 11 18 30 5 14 1 24 13 16 25 2 7 10 16 22
27 6 15 18 1 14 24 13 6 4 9 29 25 7 24 18 23 7 20 13 11 8 0 19 16 10 25 1 12 12 28 9 1 4 18 29 5 4 16 16 17 11 17
4 16 9 16 1 14 23 17 26 29 23 10 17 11 19 25 4 15 14 7 23 4 19 0 18 24 1 16 4 2 29 4 11 21 22 29 12 4 10 11 11 8 30
5 7 8 7 1 8 3 24 28 3 23 19 12 2 28 3 0 0 11 22 19 8 16 18 0 26 4 11 30 26 28 28 14 26 29 14 22 12 6 21 13 15 11
3 19 4 14 18 21 27 11 30 14 15 13 8 13 12 27 11 17 0 10 15 27 10 24 26 0 5 26 12 30 25 10 10 17 6 21 29 12 6 13 23 25 25
10 6 10 13 28 5 26 3 12 13 22 3 10 6 16 11 25 28 3 8 9 1 25 1 4 5 0 0 8 6 12 17 8 27 10 17 7 18 25 28 6 23 15
27 21 4 2 12 26 25 18 29 3 26 27 0 27 15 6 13 13 3 4 23 28 1 16 11 26 0 0 4 0 29 2 10 29 17 25 5 25 20 23 10 1 0
18 17 5 2 28 1 20 13 9 9 6 21 19 30 3 18 4 28 21 25 29 11 12 4 30 12 8 4 0 14 28 2 4 25 5 13 22 9 4 27 8 28 1
14 3 16 16 24 9 12 5 14 24 29 28 18 30 26 12 1 12 12 4 16 18 12 2 26 30 6 0 14 0 11 4 3 2 5 11 4 8 17 24 23 30 18
15 22 13 11 23 2 5 26 10 15 5 30 26 26 3 19 29 5 2 22 23 30 28 29 28 25 12 29 28 11 0 21 10 15 12 2 14 7 14 6 23 21 3
2 24 5 14 2 28 14 1 20 26 22 11 25 2 30 18 21 3 26 20 19 5 9 4 28 10 17 2 2 4 21 0 29 7 8 29 9 6 19 9 21 19 13
17 24 23 19 18 22 18 20 27 15 2 23 26 24 4 10 0 17 9 1 13 14 1 11 14 10 8 10 4 3 10 29 0 23 17 25 18 11 19 16 0 24 8
8 25 2 11 12 2 30 10 8 3 7 16 1 12 2 16 6 27 12 15 2 1 4 21 26 17 27 29 25 2 15 7 23 0 1 30 10 1 11 10 18 14 26
22 18 30 11 1 3 13 10 19 24 15 22 2 9 8 3 30 29 30 12 10 24 18 22 29 6 10 17 5 5 12 8 17 1 0 27 16 30 23 0 15 1 19
24 7 29 6 8 23 13 19 13 18 9 18 29 17 7 19 24 29 0 28 10 13 29 29 14 21 17 25 13 11 2 29 25 30 27 0 29 5 4 7 17 26 30
13 20 25 28 9 25 17 13 10 28 4 24 5 20 14 27 16 19 11 23 21 16 5 12 22 29 7 5 22 4 14 9 18 10 16 29 0 26 24 28 2 22 1
17 2 20 28 29 20 27 6 22 13 6 4 28 23 13 22 1 26 13 4 19 25 4 4 12 12 18 25 9 8 7 6 11 1 30 5 26 0 19 18 18 20 21
12 15 8 8 18 15 19 21 9 28 14 23 22 15 21 18 29 29 27 26 9 2 16 10 6 6 25 20 4 17 14 19 19 11 23 4 24 19 0 3 2 6 0
27 12 23 7 18 17 29 30 3 6 8 19 29 20 27 30 20 1 29 12 9 7 16 11 21 13 28 23 27 24 6 9 16 10 0 7 28 18 3 0 30 17 14
26 19 1 4 1 29 20 18 30 3 11 10 20 10 19 17 23 15 2 2 8 10 17 11 13 23 6 10 8 23 23 21 0 18 15 17 2 18 2 30 0 4 13
25 23 28 8 24 18 17 25 9 24 10 7 11 24 4 20 16 12 8 30 17 16 11 8 15 25 23 1 28 30 21 19 24 14 1 26 22 20 6 17 4 0 15
16 18 21 22 28 8 21 4 27 10 18 2 13 5 25 25 30 20 20 16 13 22 17 30 11 25 15 0 1 18 3 13 8 26 19 30 1 21 0 14 13 15 0


